[gd_scene load_steps=10 format=2]

[ext_resource path="res://components/lakitu/lakitu.glb" type="PackedScene" id=1]
[ext_resource path="res://components/penguin/PenguinCharacter.tscn" type="PackedScene" id=2]
[ext_resource path="res://components/snow/snow_material.tres" type="Material" id=5]
[ext_resource path="res://components/snow/snow_terrain.png" type="Texture" id=6]

[sub_resource type="BoxShape" id=5]
extents = Vector3( 50, 0.05, 25 )

[sub_resource type="PlaneMesh" id=2]
size = Vector2( 100, 50 )

[sub_resource type="SpatialMaterial" id=3]
albedo_texture = ExtResource( 6 )
emission_enabled = true
emission = Color( 0.239216, 0.239216, 0.239216, 1 )
emission_energy = 1.0
emission_operator = 0
emission_on_uv2 = false
uv1_scale = Vector3( 8, 8, 1 )

[sub_resource type="BoxShape" id=8]
extents = Vector3( 12, 1, 2 )

[sub_resource type="QuadMesh" id=4]
material = ExtResource( 5 )

[node name="Cover" type="Spatial"]

[node name="Ground" type="StaticBody" parent="."]
transform = Transform( 1, 0, 0, 0, 1, 0, 0, 0, 1, 0, 0, -12 )

[node name="CollisionShape" type="CollisionShape" parent="Ground"]
shape = SubResource( 5 )

[node name="Plane" type="MeshInstance" parent="Ground"]
mesh = SubResource( 2 )
skeleton = NodePath("")
material/0 = SubResource( 3 )

[node name="PenguinDetector" type="Area" parent="Ground"]
transform = Transform( 1, 0, 0, 0, 1, 0, 0, 0, 1, 0, 1, 12 )
collision_layer = 0
collision_mask = 2
monitorable = false

[node name="CollisionShape" type="CollisionShape" parent="Ground/PenguinDetector"]
shape = SubResource( 8 )

[node name="Snow" type="CPUParticles" parent="."]
transform = Transform( 1, 0, 0, 0, 1, 0, 0, 0, 1, 0, 20.4766, -11.6167 )
amount = 96
lifetime = 6.0
preprocess = 4.0
draw_order = 2
mesh = SubResource( 4 )
emission_shape = 2
emission_box_extents = Vector3( 8, 2, 8 )
gravity = Vector3( 0, -1.25, 0 )
angle = 90.0
angle_random = 1.0
scale_amount = 0.2
scale_amount_random = 0.05

[node name="Camera" type="Camera" parent="."]
transform = Transform( 1, 0, 0, 0, 0.913545, 0.406737, 0, -0.406737, 0.913545, 0, 6, 3 )
fov = 60.0

[node name="Player" type="Spatial" parent="."]
transform = Transform( 1, 0, 0, 0, 0.965926, -0.258819, 0, 0.258819, 0.965926, 0, 4.014, -4.078 )
__meta__ = {
"_edit_group_": true
}

[node name="Pivot" type="Spatial" parent="Player"]

[node name="Character" parent="Player/Pivot" instance=ExtResource( 1 )]
transform = Transform( 8, 0, 0, 0, 8, 0, 0, 0, 8, 0, 0, 0 )

[node name="Friend" type="Spatial" parent="."]
transform = Transform( 0.999995, 0, 0.0032114, 0.000424062, 0.991243, -0.132048, -0.00318328, 0.132049, 0.991238, 0, 3.2297, -1.23806 )

[node name="Pivot" type="Spatial" parent="Friend"]

[node name="PenguinCharacter" parent="Friend/Pivot" instance=ExtResource( 2 )]
transform = Transform( 1, 0, 0, 0, 1, 0, 0, 0, 1, 0, 0, 0 )

[node name="Friend2" type="Spatial" parent="."]
transform = Transform( 0.79996, -0.0699665, -0.595961, -0.168036, 0.927321, -0.334424, 0.576045, 0.367669, 0.730062, -1.23554, 3.53729, -1.98211 )

[node name="Pivot" type="Spatial" parent="Friend2"]

[node name="PenguinCharacter" parent="Friend2/Pivot" instance=ExtResource( 2 )]
transform = Transform( 1, 0, 0, 0, 1, 0, 0, 0, 1, 0, 0, 0 )

[node name="Friend3" type="Spatial" parent="."]
transform = Transform( 0.870029, 0.26469, 0.415919, -0.0934535, 0.916899, -0.388024, -0.484062, 0.298723, 0.822465, 1.12359, 3.46649, -2.00195 )

[node name="Pivot" type="Spatial" parent="Friend3"]

[node name="PenguinCharacter" parent="Friend3/Pivot" instance=ExtResource( 2 )]
transform = Transform( 1, 0, 0, 0, 1, 0, 0, 0, 1, 0, 0, 0 )

[connection signal="body_entered" from="Ground/PenguinDetector" to="." method="_on_PenguinDetector_body_entered"]
